ДАЕМ; 53;
ДАЛЕЕ; 48,3;
ДАЛЬНЕЙШЕМ; 53,8,5;
ДАННАЯ; 48,47,46,45,43,42,41,40,39,38,37,36,35,33,29,3;
ДАННОЕ; 13,22;
ДАННОЙ; 13,53;
ДАННОМ; 31,30;
ДАННЫЕ; 27,26,13,47,46,8;
ДАННЫЙ; 43,42,41,40,39,38,37,36,35,28,7;
ДАННЫМИ; 52,3;
ДАННЫХ; 8,4,52,47,42,41,40,39,38,37,36,35,29,28,27,26,25,24,15,13;
ДАТА; 27,47,28,26,13,46,45,16,14;
ДАТЕ; 14,13;
ДАТОЙ; 27;
ДВА; 17,8;
ДВОЙНОГО; 53;
ДВУМЯ; 50;
ДВУХ; 53;
ДЕЙСТВИЕ; 10;
ДЕЙСТВИЙ; 19;
ДЕЙСТВИЯ; 53,24;
ДЕНЕГ; 28;
ДЕНЬ; 14;
ДЛЯ; 51,8,52,46,45,22,13,4,7,21,3,10,5,50,42,41,28,27,24,19,18,15,9;
ДО; 28;
ДОБАВИТЬ; 24;
ДОБАВЛЕНИЕ; 24,30;
ДОБАВЛЕНИЯ; 24;
ДОБАВЛЕННОГО; 31,30;
ДОБАВЛЕННЫМИ; 24;
ДОБАВЛЯЕМОГО; 30;
ДОБАВЛЯТЬ; 24;
ДОКУМЕНТ; 7;
ДОКУМЕНТАЦИЯ; 6;
ДОКУМЕНТООБОРОТ; 5;
ДОЛЖЕН; 22,12;
ДОЛЖЕТ; 47;
ДОЛЖНА; 8;
ДОПОЛНЕНИЕ; 13;
ДОПОЛНИТЕЛЬНЫЕ; 51;
ДОПОЛНИТЕЛЬНЫЙ; 53;
ДОСТАВКА; 28;
ДОСТАВКЕ; 28;
ДОСТАВКИ; 41,42,28,27,26,51;
ДОСТАВКУ; 5,28,3;
ДОСТАТОЧНО; 53;
ДОСТУП; 52,4,3;
ДОСТУПА; 5;
ДОСТУПНЫХ; 22,42,41,24,15,14,13,7;
ДОХОДА; 4;
ДОЧЕРНЮЮ; 21;
ДРУГИЕ; 3;
ДРУГИМИ; 3;
ДРУГИХ; 8,5;
