МАКСИМАЛЬНОЕ; 13;
МАЛЕНЬКАЯ; 13;
МАНИПУЛИРОВАТЬ; 52;
МАНИПУЛЯЦИЙ; 53;
МАССИВ; 47,46,45,13,27,16,43,42,41,40,39,38,37,36,35,31,30,28,26,15,14;
МАССИВА; 13,27,31,30,28,26,16,15,14;
МАСШТАБ; 21;
МАТЕРИАЛОВ; 5;
МАТЧИ; 4;
МЕЖДУ; 3,5,4;
МЕНЬШЕ; 28;
МЕНЮ; 53;
МЕНЯЕТСЯ; 22;
МЕРОПРИЯТИЕ; 13,47,28,27,26;
МЕРОПРИЯТИИ; 30,13,33,32,31;
МЕРОПРИЯТИЙ; 14,13,4,3,10,7;
МЕРОПРИЯТИЮ; 15,13;
МЕРОПРИЯТИЯ; 13,27,47,46,45,50,26,24,16,14,5,4,31,22,21,18,15,10,7;
МЕРОПРИЯТИЯХ; 4;
МЕСТ; 39,22,4,24,15,13;
МЕСТА; 24,38,47,22,13,46,45,21,40,39,27,26,25;
МЕСТАМ; 13;
МЕСТАМИ; 21;
МЕСТО; 27,24,22,47,46,45,28,26,4;
МЕСТУ; 40,24;
МЕСЯЦА; 14;
МЕСЯЦАМ; 14;
МЕТОД; 19;
МЕТОДА; 10;
МЕТОК; 21;
МЕХАНИЗМ; 22;
МЕХАНИЗМА; 8;
МЕХАНИЗМАМИ; 8;
МЕХАНИЗМЫ; 8;
МИНИМАЛЬНОЕ; 27;
МИНУТ; 24;
МОБИЛЬНОЙ; 46,45;
МОБИЛЬНЫХ; 46,45,13;
МОГУТ; 41,4,3;
МОЖЕТ; 27,8,5,53,48,28;
МОЖНО; 53,50,14,9,5;
МОМЕНТ; 43,42,41,40,39,38,37,36,35;
МОМЕНТА; 24;
МУЗЕИ; 4;
МЫШКИ; 53;
МЫШЬЮ; 24;
