Ф.И.О; 10,47,46,45;
ФАЙЛ; 27,28,26,13;
ФАКТИЧЕСКАЯ; 47,46,45;
ФАКТИЧЕСКИ; 5;
ФАМИЛИЯ; 46,45,47;
ФАН; 27,22;
ФАН-ЗОНЫ; 27,22;
ФИЛТР; 13;
ФИЛЬТР; 13,40,14,38;
ФИЛЬТРАЦИИ; 8;
ФИНАНСОВОЙ; 4;
ФИО; 27,26;
ФЛАГ; 40;
ФЛЕШ; 13;
ФЛЕШ-ВЕРСИЮ; 13;
ФЛЕШЕВЫЙ; 13;
ФОКУСИРУЮЩАЯСЯ; 52;
ФОНОВОМ; 52;
ФОРМАТ; 52,47,42,41,40,39,38,37,36,35,29,28,27,26,25,24,15,14,13;
ФОРМАТЕ; 46,45,13,8;
ФОРМИРОВАНИЕ; 4;
ФОРМИРУЕТСЯ; 8;
ФУНКЦИИ; 4,10;
ФУНКЦИЙ; 52,8;
ФУНКЦИОНАЛЬНОЙ; 5;
ФУНКЦИОНАЛЬНУЮ; 53;
ФУНКЦИОНИРОВАНИЯ; 3;
ФУНКЦИЯ; 48;
ФУНКЦИЯМ; 5;
