АБОНЕМЕНТЫ; 3;
АВТОМАТИЗАЦИИ; 4,3;
АВТОМАТИЗИРОВАННАЯ; 3;
АВТОМАТИЧЕСКИ; 8;
АВТООБНОВЛЕНИЕ; 53;
АВТОРЕГИСТРАЦИЯ; 28;
АВТОРИЗАЦИИ; 46,45,48,41,40,39,38,37,36,35,18,12,47,43,42,33,32,31,30,29,28,27,26,25,24,22,21,16,15,14,13;
АВТОРИЗАЦИЮ; 8;
АВТОРИЗАЦИЯ; 45,12,8,46,10;
АВТОРИЗОВАН; 47;
АВТОРИЗУЕТ; 45;
АГЕНТАМИ; 4;
АДМИНИСТРАТОР; 5;
АДРЕС; 27,10,47,38,28,26,13,11;
АДРЕСА; 53,27,41;
АККАУНТА; 48;
АКТУАЛЬНОЙ; 22;
АКТУАЛЬНОСТЬ; 8;
АКТУАЛЬНУЮ; 4;
АКТУАЛЬНЫЕ; 8;
АЛГОРИТМУ; 52;
АЛЬТЕРНАТИВНАЯ; 13;
АНАЛИТИКА; 4;
АНАЛИТИЧЕСКОЙ; 4;
АНГЛ; 52;
АПИ; 50;
АСИНХРОННЫЙ; 52;
АТРИБУТАМ; 52;
АТРИБУТЫ; 28;
АТТРИБУТЫ; 13,27,31,30,26,16,15,14;
АУДИТОРИЮ; 3;
