ИГНОРИРУЕТСЯ; 13;
ИД; 27,47,46,45,26,13,31,30,28,24,33,32,29,25,22,21,16,15;
ИДЕНТИФИКАТОР; 21,46,45,27,26,24,47,29,28,22,18,16,13,8;
ИДЕОЛОГИЮ; 7;
ИЗ; 33,31,25,53,45,38,46,40,22;
ИЗМЕНЕНИЕ; 32;
ИЗМЕНЕНИЙ; 53,22,10;
ИЗМЕНИТЕ; 53;
ИЗМЕНИТСЯ; 28;
ИЗМЕНЯЯ; 28;
ИЗОБРАЖЕНИЕ; 27,16;
ИЗОБРАЖЕНИЙ; 27,13;
ИЗОБРАЖЕНИЮ; 13;
ИЗОБРАЖЕНИЯ; 13,27;
ИЛИ; 8,28,27,26,25,24,13,48,47,42,41,40,39,38,37,36,35,29,15,10,5,4,3;
ИМ; 5;
ИМЕЕТ; 5,8;
ИМЕНИ; 13;
ИМЕННО; 52;
ИМЕЮТ; 4;
ИМЕЮЩИЙ; 5;
ИМИ; 52;
ИМЯ; 46,45,47,28,21,13;
ИНДЕКС; 21;
ИНОГДА; 52;
ИНТЕГРАЦИЕЙ; 7;
ИНТЕГРАЦИИ; 6,3;
ИНТЕРАКТИВНЫХ; 52;
ИНТЕРНЕТ; 4,3;
ИНТЕРНЕТ-СИСТЕМАМИ; 4;
ИНТЕРНЕТ-СИСТЕМЫ; 3;
ИНТЕРФЕЙС; 52;
ИНТЕРФЕЙСА; 50,8;
ИНТЕРФЕЙСОВ; 52;
ИНФОРМАЦИЕЙ; 27;
ИНФОРМАЦИИ; 4,27,26,52,8;
ИНФОРМАЦИОННО; 4,3;
ИНФОРМАЦИОННО-СПРАВОЧНУЮ; 4,3;
ИНФОРМАЦИОННОГО; 3;
ИНФОРМАЦИОННЫМ; 4;
ИНФОРМАЦИОННЫХ; 7;
ИНФОРМАЦИЮ; 27,26,7,4;
ИНФОРМАЦИЯ; 8,2,13;
ИНФРАСТРУКТУРЫ; 3;
ИСПОЛЬЗОВАНА; 5;
ИСПОЛЬЗОВАНИЕ; 50,3;
ИСПОЛЬЗОВАНИЕМ; 8,4;
ИСПОЛЬЗОВАНИЯ; 52,27,19,7;
ИСПОЛЬЗОВАНЫ; 41;
ИСПОЛЬЗОВАТЬ; 7,3;
ИСПОЛЬЗУЕМЫЙ; 52;
ИСПОЛЬЗУЕТСЯ; 28,24,22,13,52,46,45,40,27,21,19,8;
ИСПОЛЬЗУЙТЕ; 24;
ИСПОЛЬЗУЮЩЕЕ; 5;
ИСПОЛЬЗУЮЩИЙ; 52;
ИСПОЛЬЗУЯ; 17;
ИСТЕЧЕНИЯ; 28,27,26;
ИСТОРИЯ; 4;
ИТ; 7;
ИТ-СПЕЦИАЛИСТОВ; 7;
ИХ; 5,27;
