НА; 53,27,13,8,47,26,46,4,52,51,50,45,28,22,21,16,42,24,12,10,9,7,5,3;
НАБОР; 52;
НАБОРА; 5;
НАГРУЗКОЙ; 5;
НАЖАТИИ; 24;
НАЖАТЬ; 53;
НАЖИМАЕМ; 53;
НАЖМИТЕ; 53;
НАЗВАНИЕ; 27,13,43,38,37,42,41,40,39,36,35,21,16;
НАЗВАНИЮ; 13;
НАЗНАЧАЕТ; 5;
НАЗНАЧАТЬ; 5;
НАИМЕНОВАНИЕ; 47,13,27,46,45,31,30,21,16;
НАИМЕНОВАНИЙ; 13;
НАИМЕНОВАНИЯ; 47;
НАЙДЕН; 28,48;
НАЙДИТЕ; 53;
НАЛИЧИИ; 4;
НАЛИЧИЯ; 40;
НАМИЕНОВАНИЕ; 27;
НАПИСАНИЯ; 52;
НАПОМИНАНИЯМИ; 4;
НАПРИМЕР; 43,22,8,5,4;
НАСТРОЙКА; 53;
НАСТРОЙКАМИ; 53;
НАСТРОЙКИ; 51,53;
НАХОДИТСЯ; 28,27,26;
НАЧАЛА; 27,21,14,13;
НАЧИНАЯ; 53;
НАЧИСЛЕНО; 47,46,45;
НЕ; 53,28,13,24,27,52,51,48,40,26,22,21,8;
НЕДОСТУПНО; 22;
НЕКОРРЕКТНО; 53;
НЕЛЬЗЯ; 24;
НЕНУМЕРОВАННОГО; 7;
НЕОБХОДИМО; 13,8,53,50,27,22,21;
НЕОБХОДИМОЕ; 5;
НЕОБХОДИМОСТИ; 41;
НЕОБЯЗАТЕЛЬНЫЙ; 45,46,47,24;
НЕОГРАНИЧЕНО; 16;
НЕПОДТВЕРЖДЕННОГО; 24;
НЕСКОЛЬКО; 14,8,5;
НЕТ; 13;
НИЖЕ; 13,27,31,30,28,26,16,15,14;
НИЖНЕЙ; 53;
НИКАКИХ; 53;
НИМ; 42;
НИЧЕГО; 53;
НОВОГО; 29,28;
НОВЫЙ; 28,53,48,29;
НОМЕР; 46,45,42,41,21;
НОМИНАЛЬНАЯ; 47,46,45;
НУЖЕН; 28;
НУЖНО; 27,26,24;
НУЖНОГО; 53;
НУЖНЫЙ; 53;
