КАБИНЕТ; 44;
КАБИНЕТЕ; 51;
КАЖДАЯ; 11,5;
КАЖДОЙ; 13,8,5;
КАЖДУЮ; 5;
КАЖДЫЙ; 22;
КАК; 53,52,8,5;
КАНАЛЫ; 3;
КАРТА; 28;
КАРТИНКА; 13;
КАРТИНКЕ; 53;
КАРТИНКИ; 13;
КАРТИНЫ; 22;
КАРТЫ; 28;
КАСС; 51,4;
КАССА; 49,8,5;
КАССАМИ; 4;
КАССЕ; 28,51,5,4;
КАССИР; 4,2,1,3;
КАССОЙ; 4;
КАССУ; 50,7,4;
КАССЫ; 51,5,8,3;
КАТЕГОРИИ; 13,5;
КАТЕГОРИЙ; 13;
КАЧЕСТВО; 3;
КВОТА; 22,16;
КВОТЫ; 5;
КЕШ; 53;
КИНО; 4;
КЛАВИШУ; 53;
КЛАССОВ; 52;
КЛИЕНТ; 47,8;
КЛИЕНТА; 45,46,47,28,27,26,51;
КЛИЕНТАМИ; 3;
КЛИЕНТЕ; 47,46,13;
КЛИЕНТОВ; 51,3;
КЛИЕНТОМ; 51;
КЛИЕНТСКОГО; 8;
КЛИЕНТСКОЙ; 8;
КЛИЕНТУ; 13,51;
КЛУБЕ; 22;
КЛУБЫ; 13;
КЛЮЧ; 50,46,45,12,48,47,43,42,41,40,39,38,37,36,35,33,32,31,30,29,28,27,26,25,24,22,21,18,16,15,14,13,8;
КЛЮЧА; 8;
КЛЮЧУ; 8;
КНОПКИ; 53;
КНОПКУ; 53,8;
КОГДА; 13;
КОД; 28,46,45,43,27,26,47,42,41,18,12;
КОДА; 10,27,26,15,9;
КОДУ; 28;
КОЛ; 22,13,43,42,41,40,39,38,37,36,35,27,26,24,15;
КОЛ-ВО; 22,13,43,42,41,40,39,38,37,36,35,27,26,24,15;
КОЛИЧЕСТВА; 32;
КОЛИЧЕСТВО; 14,30,31,13,27,33,32,16,5;
КОЛЛЕКТИВОВ; 4;
КОМАНД; 8,12;
КОМАНДА; 11,8,48,47,46,45,43,42,41,40,39,38,37,36,35,33,29,28,27,26,16,15,14;
КОМАНДАМИ; 8;
КОМАНДУ; 22;
КОМАНДЫ; 8,43,42,33,32,25,24,21,18;
КОМИССИИ; 4;
КОМИССИЯ; 27;
КОММЕНТАРИИ; 10;
КОММЕНТАРИЙ; 28;
КОММЕНТАРИЙ-ПРИЧИНА; 28;
КОММЕРЦИИ; 3;
КОММУНИКАЦИЙ; 4;
КОМПАНИЕЙ; 5,3;
КОМПАНИИ; 3,13,12,8;
КОМПАНИИ-ОРГАНИЗАТОРА; 13;
КОМПАНИИ-ПАРТНЕРА; 12,8;
КОМПЛЕКСНОЙ; 3;
КОМПОНЕНТ; 17;
КОМПОНЕНТА; 18;
КОМПОНЕНТОМ; 19;
КОМПЬЮТЕР; 53;
КОНЕЧНАЯ; 28;
КОНКРЕТНОМ; 27,26;
КОНКРЕТНОМУ; 27,26;
КОНКРЕТНЫХ; 51;
КОНСТАНТ; 52;
КОНТРАГЕНТАМИ; 4;
КОНТРАГЕНТОВ; 4;
КОНТРОЛЬ; 4,5;
КОНЦЕРТНЫХ; 4;
КОНЦЕРТЫ; 13,4;
КОНЦЕРТЫ,ТЕАТРЫ,КЛУБЫ; 13;
КООРДИНАТА; 21;
КОРЗИНА; 27,26,10;
КОРЗИНЕ; 32,27,30;
КОРЗИНОЙ; 10,7;
КОРЗИНУ; 24,30,31,27,26;
КОРЗИНЫ; 33,25,31,24,10;
КОРОТКОЕ; 47,38,13;
КОТОРАЯ; 5,53;
КОТОРОГО; 5;
КОТОРОЕ; 50;
КОТОРОМУ; 13,8;
КОТОРЫЕ; 42,51,41,43,40,39,38,37,36,35,5;
КОТОРЫЙ; 51,46,19,8;
КРАТКОЕ; 27,16;
КРЕСЛА; 22;
КТО; 8;
КУПИТЬ; 10;
КУПЛЕНЫХ; 13;
КУПОНЫ; 21;
КУРСИВ; 21;
КУРЬЕРОВ; 4;
КУРЬЕРОМ; 28;
КУРЬЕРУ; 28;
