САЙТ; 12,4;
САЙТА; 50,28,12;
САЙТЕ; 12,8;
САЙТОВ; 7;
СБОР; 27,26,47,46,45;
СБОРА; 47,46,45,27,26;
СВОБОДНО; 24,22;
СВОБОДНЫЙ; 52;
СВОБОДНЫХ; 15,13,4;
СВОЕЙ; 5;
СВОИМИ; 21;
СВОИХ; 7;
СВОЙ; 9;
СДЕЛАТЬ; 8;
СЕКТОРА; 47,46,45;
СЕКТОРА/ЗОНЫ; 47,46,45;
СЕКТОРОВ; 21;
СЕРВЕР; 51;
СЕРВЕРА; 53,11;
СЕРВЕРЕ; 22,8;
СЕРВЕРОМ; 52;
СЕРВИСА; 3;
СЕРВИСНОГО; 47,46,45,27,26;
СЕРВИСНЫЙ; 27,26,47,46,45;
СЕРВИСОМ; 52;
СЕССИИ; 45,8,50,46;
СЕТЕВОЙ; 52;
СЕТЯХ; 52;
СЖАТИЕ; 52,13;
СИСТЕМ; 51,8,7;
СИСТЕМА; 8,4,3;
СИСТЕМАМИ; 3,4;
СИСТЕМАХ; 7;
СИСТЕМЕ; 5,8,2,46,43,42,41,40,39,38,37,36,35,16,10;
СИСТЕМОЙ; 7,42;
СИСТЕМЫ; 4,3,5,8,50,42;
СКИДКА; 27,26,47,46,45;
СКИДКИ; 27,47,46,45,26;
СКИДОК; 47,46,45;
СЛЕДУЕТ; 8;
СЛЕДУЮТ; 13,27,31,30,28,26,16,15,14;
СЛЕДУЮЩЕМ; 24;
СЛЕДУЮЩИЕ; 18;
СЛЕДУЮЩИЙ; 28,24,22,18;
СЛОЖНОСТИ; 8;
СЛУЖБУ; 4,3;
СЛУЖИТ; 4;
СЛУЧАЕ; 53,16,48,47,46,45,42,41,28,27,26,24,21,11;
СЛУЧАЯХ; 53,51;
СМ; 46,45,47,13,33,32,30,21;
СМОТРИМ; 53;
СМС; 46,45;
СМС-АВТОРИЗАЦИИ; 46,45;
СМС-СООБЩЕНИЯ; 46,45;
СНИЗИТЬ; 3;
СО; 27,21,5,4;
СОБОЙ; 5;
СОБСТВЕННОГО; 8;
СОБСТВЕННЫЕ; 7;
СОБСТВЕННЫЙ; 5;
СОБЫТИЙ; 35;
СОБЫТИЮ; 13;
СОБЫТИЯ; 13,35;
СОВМЕСТИМЫ; 42;
СОДЕРЖИМОМУ; 52;
СОЗДАВАТЬ; 5;
СОЗДАЕТ; 29;
СОЗДАН; 52;
СОКРАЩЕНИЙ; 52;
СОКРАЩЕННОЕ; 43;
СООБЩЕНИЕ; 48,47,25,11;
СООБЩЕНИЯ; 46,45;
СООТВЕТСТВУЕТ; 53;
СООТВЕТСТВУЮЩИЕ; 9;
СОПРОВОДИТЕЛЬНЫХ; 5;
СОПРОВОЖДЕНИЕ; 8;
СОПУТСТВУЮЩИХ; 3;
СОСТОЯНИЕ; 47,46,45,22,15;
СОСТОЯНИИ; 28,27,26;
СОСТОЯНИЙ; 8;
СОТРУДНИКАМИ; 3;
СОХРАНИТЬ; 22;
СПЕКТР; 3;
СПЕЦИАЛИСТОВ; 7;
СПИСКА; 38,10,40,7;
СПИСОК; 52,16,13,51,42,41,33,32,30,7;
СПИСОКА; 10;
СПОРТИВНЫЕ; 4;
СПОСОБ; 26;
СПОСОБА; 42,51,41,17;
СПОСОБАМИ; 50;
СПОСОБОВ; 42,41;
СПОСОБОМ; 42,41;
СПОСОБЫ; 42,41,51;
СПРАВОЧНИКИ; 34;
СПРАВОЧНУЮ; 4,3;
СРЕДНЯЯ; 13;
СРОК; 28,24;
ССЫЛКА; 27,21,47,46,45,28,26,16,13;
ССЫЛКИ; 50;
ССЫЛКОЙ; 48;
ССЫЛКУ; 53,8;
СТАНДАРТА; 4;
СТАНДАРТНОГО; 28;
СТАНДАРТНОЕ; 13;
СТАНОВЯТСЯ; 52;
СТАТИСТИКА; 15;
СТАТИСТИКИ; 15,13;
СТАТИСТИКУ; 13;
СТАТУС; 28,24,47,46,45,33,32,27,26,22,11;
СТЕПЕНИ; 8;
СТОИМОСТЬ; 27,26,47,46,45,31,30,21,13;
СТОРОНЕ; 8;
СТОРОНЫ; 4;
СТРАНА; 47,46,45;
СТРАНИЦА; 53,52;
СТРАНИЦЕ; 53;
СТРАНИЦЕЙ; 19;
СТРАНИЦУ; 50,8;
СТРАНИЦЫ; 53;
СТРАНЫ; 36,37;
СТРОКЕ; 53;
СТРОКОЙ; 13;
СТРУКТУР; 52;
СУММА; 28,27,26;
СУЩЕСТВУЕТ; 17,8,5;
СХЕМЕ; 24;
СХЕМУ; 21,17;
СХЕМЫ; 22,21,20,18,7,40,13;
СХОЖИ; 5;
СЦЕНА; 21;
СЧЕТА; 47,46,45,27;
СЪЕЗЖАЮТ; 53;
